timesteps,zone_temperature,cooling_setpoint,heating_setpoint,hvac_thermal_load,hvac_power,supply_air_temp_setpoint,supply_air_temp_actual,supply_air_flow_setpoint,supply_air_flow_actual,chilled_water_flow_actual,chiller_supply_water_temp,building_load,hvac_power_kw,lighting,cooking,pc,tv,ev_charging,ev_tesla_charging,ev_nissan_charging,total_demand,pv_generation,battery_power,battery_soc,ev_tesla_soc,ev_nissan_soc,net_grid,curtailment,is_peak,electricity_price
0,22.573223114013672,24.0,18.0,-0.0,0.0,13,22.47007248919996,0.0,0.0,0.0,12.0,0.6,0.0,0.0,0.0,0.4,0.2,0.0,0.0,0.0,0.6,0.0,3.75,0.359366015625,0.19999750000000002,0.39999500000000004,4.35,0.0,False,10.0
1,22.676570892333984,24.0,18.0,-0.0,0.0,13,22.573223114013672,0.0,0.0,0.0,12.0,0.6,0.0,0.0,0.0,0.4,0.2,0.0,0.0,0.0,0.6,0.0,3.75,0.41873054709960933,0.19999750000000002,0.3999900000625001,4.35,0.0,False,10.0
2,22.77884292602539,24.0,18.0,-0.0,0.0,13,22.676570892333984,0.0,0.0,0.0,12.0,0.6,0.0,0.0,0.0,0.4,0.2,0.0,0.0,0.0,0.6,0.0,3.75,0.4780935944609318,0.19999750000000002,0.39998500018749933,4.35,0.0,False,10.0
3,22.87945556640625,24.0,18.0,-0.0,0.0,13,22.77884292602539,0.0,0.0,0.0,12.0,0.6,0.0,0.0,0.0,0.4,0.2,0.0,0.0,0.0,0.6,0.0,3.75,0.5374551577460702,0.19999750000000002,0.399980000374997,4.35,0.0,False,10.0
4,22.978269577026367,24.0,18.0,-0.0,0.0,13,22.87945556640625,0.0,0.0,0.0,12.0,0.6,0.0,0.0,0.0,0.4,0.2,0.0,0.0,0.0,0.6,0.0,3.75,0.5968152369921265,0.19999750000000002,0.3999750006249923,4.35,0.0,False,10.0
5,23.075292587280273,24.0,18.0,-0.0,0.0,13,22.978269577026367,0.0,0.0,0.0,12.0,0.6,0.0,0.0,0.0,0.4,0.2,0.0,0.0,0.0,0.6,0.0,3.75,0.6561738322362016,0.19999750000000002,0.3999700009374845,4.35,0.0,False,10.0
6,23.170543670654297,24.0,18.0,-0.0,0.0,13,23.075292587280273,0.0,0.0,0.0,12.0,0.6,0.0,0.0,0.0,0.4,0.2,0.0,0.0,0.0,0.6,0.0,3.75,0.7155309435153956,0.19999750000000002,0.3999650013124728,4.35,0.0,False,10.0
7,23.264057159423828,24.0,18.0,-0.0,0.0,13,23.170543670654297,0.0,0.0,0.0,12.0,0.6,0.0,0.0,0.0,0.4,0.2,0.0,0.0,0.0,0.6,0.0,3.75,0.7748865708668076,0.19999750000000002,0.39996000174995644,4.35,0.0,False,10.0
8,23.355865478515625,24.0,18.0,-0.0,0.0,13,23.264057159423828,0.0,0.0,0.0,12.0,0.6,0.0,0.0,0.0,0.4,0.2,0.0,0.0,0.0,0.6,0.0,3.75,0.8342407143275358,0.19999750000000002,0.3999550022499346,4.35,0.0,False,10.0
9,23.44600486755371,24.0,18.0,-0.0,0.0,13,23.355865478515625,0.0,0.0,0.0,12.0,0.6,0.0,0.0,0.0,0.4,0.2,0.0,0.0,0.0,0.6,0.0,3.75,0.8935933739346775,0.19999750000000002,0.39995000281240645,4.35,0.0,False,10.0
10,23.534507751464844,24.0,18.0,-0.0,0.0,13,23.44600486755371,0.0,0.0,0.0,12.0,0.6,0.0,0.0,0.0,0.4,0.2,0.0,0.0,0.0,0.6,0.0,0.38439756391934976,0.8996571767050164,0.19999750000000002,0.3999450034373713,0.9843975639193497,0.0,False,10.0
11,23.62140655517578,24.0,18.0,-0.0,0.0,13,23.534507751464844,0.0,0.0,0.0,12.0,0.6,0.0,0.0,0.0,0.4,0.2,0.0,0.0,0.0,0.6,0.0,0.020569397699015113,0.8999603592637799,0.19999750000000002,0.3999400041248284,0.6205693976990151,0.0,False,10.0
12,23.70673942565918,24.0,18.0,-0.0,0.0,13,23.62140655517578,0.0,0.0,0.0,12.0,0.6,0.0,0.0,0.0,0.4,0.2,0.0,0.0,0.0,0.6,0.0,0.0023784441732055406,0.8999755180127399,0.19999750000000002,0.39993500487477684,0.6023784441732055,0.0,False,10.0
13,23.7905330657959,24.0,18.0,-0.0,0.0,13,23.70673942565918,0.0,0.0,0.0,12.0,0.6,0.0,0.0,0.0,0.4,0.2,0.0,0.0,0.0,0.6,0.0,0.0014689192356076575,0.8999762759312395,0.19999750000000002,0.39993000568721593,0.6014689192356076,0.0,False,10.0
14,23.872821807861328,24.0,18.0,-0.0,0.0,13,23.7905330657959,0.0,0.0,0.0,12.0,0.6,0.0,0.0,0.0,0.4,0.2,0.0,0.0,0.0,0.6,0.0,0.0014234441256300023,0.899976313826217,0.19999750000000002,0.39992500656214486,0.60142344412563,0.0,False,10.0
15,23.953636169433594,24.0,18.0,-0.0,0.0,13,23.872821807861328,0.0,0.0,0.0,12.0,0.6,0.0,0.0,0.0,0.4,0.2,0.0,0.0,0.0,0.6,0.0,0.0014211704269806447,0.8999763157209186,0.19999750000000002,0.39992000749956286,0.6014211704269806,0.0,False,10.0
16,24.033004760742188,24.0,18.0,-0.0,0.0,13,23.953636169433594,0.0,0.0,0.0,12.0,0.6,0.0,0.0,0.0,0.4,0.2,0.0,0.0,0.0,0.6,0.0,0.0014210567448835754,0.8999763158156512,0.19999750000000002,0.39991500849946915,0.6014210567448836,0.0,False,10.0
17,24.110958099365234,24.0,18.0,-0.0,0.0,13,24.033004760742188,0.0,0.0,0.0,12.0,0.6,0.0,0.0,0.0,0.4,0.2,0.0,0.0,0.0,0.6,0.0,0.0014210510609302673,0.8999763158203877,0.19999750000000002,0.3999100095618629,0.6014210510609302,0.0,False,10.0
18,24.187522888183594,24.0,18.0,-0.0,0.0,13,24.110958099365234,0.0,0.0,0.0,12.0,0.6,0.0,0.0,0.0,0.4,0.2,0.0,0.0,0.0,0.6,0.0,0.001421050776737598,0.8999763158206245,0.19999750000000002,0.3999050106867434,0.6014210507767376,0.0,False,10.0
19,24.262727737426758,24.0,18.0,-0.0,0.0,13,24.187522888183594,0.0,0.0,0.0,12.0,0.6,0.0,0.0,0.0,0.4,0.2,0.0,0.0,0.0,0.6,0.21206222069760003,0.0014210507625289637,0.8999763158206364,0.19999750000000002,0.39990001187410984,0.3893588300649289,0.0,False,10.0
20,24.356409072875977,24.0,18.0,-0.0,0.0,13,24.262727737426758,0.0,0.0,0.0,12.0,0.6,0.0,0.0,0.0,0.4,0.2,0.0,0.0,0.0,0.6,0.3171375217584,0.0014210507618162005,0.899976315820637,0.19999750000000002,0.3998950131239614,0.2842835290034162,0.0,False,10.0
21,24.46747589111328,24.0,18.0,-0.0,0.0,13,24.356409072875977,0.0,0.0,0.0,12.0,0.6,0.0,0.0,0.0,0.4,0.2,0.0,0.0,0.0,0.6,0.4215756166272,0.0014210507617828938,0.8999763158206371,0.19999750000000002,0.3998900144362974,0.17984543413458287,0.0,False,10.0
22,24.58809471130371,24.0,18.0,-0.0,0.0,13,24.46747589111328,0.0,0.0,0.0,12.0,0.6,0.0,0.0,0.0,0.4,0.2,0.0,0.0,0.0,0.6,0.7395817743265001,0.0014210507617762325,0.8999763158206371,0.19999750000000002,0.39988501581111696,0.0,0.13816072356472386,False,10.0
23,24.507490158081055,24.0,18.0,-3188.0608665847776,1054.9901441006577,13,15.776428413391114,0.5,0.3,0.0001411705685618729,7.0,1.6549901441006578,1.0549901441006577,0.0,0.0,0.4,0.2,0.0,0.0,0.0,1.6549901441006578,1.1068737349039999,0.0014210507617762325,0.8999763158206371,0.19999750000000002,0.3998800172484193,0.5495374599584342,0.0,False,10.0
24,24.36725616455078,24.0,18.0,-4433.946957435608,1031.0767120556131,13,12.252247047424316,0.5,0.3,0.0001411705685618729,7.0,2.2310767120556134,1.0310767120556132,0.6,0.0,0.4,0.2,0.0,0.0,0.0,2.2310767120556134,1.4263455367139999,0.0014210507617762325,0.8999763158206371,0.19999750000000002,0.39987501874820375,0.8061522261033893,0.0,False,10.0
25,24.32975196838379,24.0,18.0,-3368.6880455887417,701.3405805317427,13,15.056343932409428,0.5,0.3,6.639527330430447e-05,7.0,3.901340580531743,0.7013405805317428,0.6,2.0,0.4,0.2,0.0,0.0,0.0,3.901340580531743,1.73826868096,0.0014210507617762325,0.8999763158206371,0.19999750000000002,0.3998700203104694,2.1644929503335186,0.0,False,10.0
26,24.237058639526367,24.0,18.0,-4388.932983512878,1065.692263064794,13,12.198925590515138,0.5,0.3,0.0001411705685618729,7.0,4.265692263064794,1.0656922630647938,0.6,2.0,0.4,0.2,0.0,0.0,0.0,4.265692263064794,1.9218681619070939,0.0014210507617762325,0.8999763158206371,0.19999750000000002,0.39986502193521556,2.3452451519194764,0.0,False,10.0
27,24.24131965637207,24.0,18.0,-3074.9256993975246,686.9987862574565,13,15.738093190666433,0.5,0.3,6.106312761338672e-05,7.0,1.8869987862574564,0.6869987862574565,0.6,0.0,0.4,0.2,0.0,0.0,0.0,1.8869987862574564,2.102426983290375,0.0014210507617762325,0.8999763158206371,0.19999750000000002,0.3998600236224414,0.0,0.21400714627114215,False,10.0
28,24.15104103088379,24.0,18.0,-4366.536616172791,1089.1659304876268,13,12.17239589691162,0.5,0.3,0.0001411705685618729,7.0,4.289165930487627,1.0891659304876269,0.6,2.0,0.4,0.2,0.0,0.0,0.0,4.289165930487627,2.2814158896648435,0.0014210507617762325,0.8999763158206371,0.19999750000000002,0.3998550253721461,2.0091710915845593,0.0,False,10.0
29,24.161212921142578,24.0,18.0,-2926.653390691536,682.2604962245881,13,16.06189401404704,0.5,0.3,5.8410158253034935e-05,7.0,1.8822604962245881,0.6822604962245881,0.6,0.0,0.4,0.2,0.0,0.0,0.0,1.8822604962245881,2.4576142678534993,0.0014210507617762325,0.8999763158206371,0.19999750000000002,0.399850027184329,0.0,0.573932720867135,False,10.0
30,24.07032012939453,24.0,18.0,-4346.248784408569,1104.2061909072595,13,12.148363876342774,0.5,0.3,0.0001411705685618729,7.0,4.3042061909072595,1.1042061909072596,0.6,2.0,0.4,0.2,0.0,0.0,0.0,4.3042061909072595,2.556439124352093,0.0014210507617762325,0.8999763158206371,0.19999750000000002,0.3998450290589892,1.749188117316943,0.0,False,10.0
31,24.089427947998047,24.0,18.0,-2793.032947757639,676.5113428576321,13,16.350494403143458,0.5,0.3,5.6006956196150314e-05,7.0,3.8765113428576323,0.6765113428576321,0.6,2.0,0.4,0.2,0.0,0.0,0.0,3.8765113428576323,2.6542279822143757,0.0014210507617762325,0.8999763158206371,0.19999750000000002,0.399840030996126,1.2237044114050328,0.0,False,10.0
32,23.99968147277832,24.0,18.0,-4328.068522109985,1119.2174527545533,13,12.126828384399417,0.5,0.3,0.0001411705685618729,7.0,4.319217452754554,1.1192174527545533,0.6,2.0,0.4,0.2,0.0,0.0,0.0,4.319217452754554,2.7494710866378442,0.0014210507617762325,0.8999763158206371,0.19999750000000002,0.3998350329957385,1.5711674168784855,0.0,False,10.0
33,24.026668548583984,24.0,18.0,-2674.523327228384,672.7790778169966,13,16.6074113588248,0.5,0.3,5.385340700181459e-05,7.000000000000001,3.872779077816997,0.6727790778169966,0.6,2.0,0.4,0.2,0.0,0.0,0.0,3.872779077816997,2.8435582504700005,0.0014210507617762325,0.8999763158206371,0.19999750000000002,0.3998300350578261,1.030641878108772,0.0,False,10.0
34,23.939292907714844,24.0,18.0,-4312.174076614379,1140.8227702970066,13,12.108000564575198,0.5,0.3,0.0001411705685618729,7.0,4.340822770297007,1.1408227702970066,0.6,2.0,0.4,0.2,0.0,0.0,0.0,4.340822770297007,2.8956897985015,0.0014210507617762325,0.8999763158206371,0.19999750000000002,0.3998250371823879,1.4465540225572835,0.0,False,10.0
35,23.979076385498047,24.0,18.0,-2571.850027362212,671.0968661641597,13,16.830807481064173,0.5,0.3,5.197062501939268e-05,7.0,3.8710968661641596,0.6710968661641596,0.6,2.0,0.4,0.2,0.0,0.0,0.0,3.8710968661641596,2.9473357562879996,0.0014210507617762325,0.8999763158206371,0.19999750000000002,0.3998200393694231,0.9251821606379362,0.0,False,10.0
36,23.89945411682129,24.0,18.0,-4300.120885391235,1162.3750805421407,13,12.093722915649415,0.5,0.3,0.0001411705685618729,7.0,4.362375080542141,1.1623750805421407,0.6,2.0,0.4,0.2,0.0,0.0,0.0,4.362375080542141,3.0001706532595,0.0014210507617762325,0.8999763158206371,0.19999750000000002,0.399815041618931,1.363625478044416,0.0,False,10.0
37,24.126667022705078,26.0,16.0,-0.0,0.0,13,23.89945411682129,0.0,0.0,0.0,12.0,0.0,0.0,0.0,0.0,0.0,0.0,0.0,0.0,0.0,0.0,3.052589829085999,0.0014210507617762325,0.8999763158206371,0.19999750000000002,0.3340213926151213,0.0,3.051168778324223,False,10.0
38,24.35537338256836,26.0,16.0,-0.0,0.0,13,24.126667022705078,0.0,0.0,0.0,12.0,0.0,0.0,0.0,0.0,0.0,0.0,0.0,0.0,0.0,0.0,3.081390010388594,0.0014210507617762325,0.8999763158206371,0.19999750000000002,0.2682285660319242,0.0,3.0799689596268176,False,10.0
39,24.583507537841797,26.0,16.0,-0.0,0.0,13,24.35537338256836,0.0,0.0,0.0,12.0,0.0,0.0,0.0,0.0,0.0,0.0,0.0,0.0,0.0,0.0,3.110011370463375,0.0014210507617762325,0.8999763158206371,0.19999750000000002,0.2024365618590593,0.0,3.108590319701599,False,10.0
40,24.80982208251953,26.0,16.0,-0.0,0.0,13,24.583507537841797,0.0,0.0,0.0,12.0,0.0,0.0,0.0,0.0,0.0,0.0,0.0,0.0,0.0,0.0,3.138099789421843,0.0014210507617762325,0.8999763158206371,0.19999750000000002,0.19999750000000002,0.0,3.1366787386600667,False,10.0
41,25.034582138061523,26.0,16.0,-0.0,0.0,13,24.80982208251953,0.0,0.0,0.0,12.0,0.0,0.0,0.0,0.0,0.0,0.0,0.0,0.0,0.0,0.0,3.1660012357575,0.0014210507617762325,0.8999763158206371,0.19999750000000002,0.19999750000000002,0.0,3.1645801849957236,False,10.0
42,25.257856369018555,26.0,16.0,-0.0,0.0,13,25.034582138061523,0.0,0.0,0.0,12.0,0.0,0.0,0.0,0.0,0.0,0.0,0.0,0.0,0.0,0.0,3.175433586091594,0.0014210507617762325,0.8999763158206371,0.19999750000000002,0.19999750000000002,0.0,3.1740125353298176,False,10.0
43,25.47945213317871,26.0,16.0,-0.0,0.0,13,25.257856369018555,0.0,0.0,0.0,12.0,0.0,0.0,0.0,0.0,0.0,0.0,0.0,0.0,0.0,0.0,3.1848076393953746,0.0014210507617762325,0.8999763158206371,0.19999750000000002,0.19999750000000002,0.0,3.1833865886335984,False,10.0
44,25.699140548706055,26.0,16.0,-0.0,0.0,13,25.47945213317871,0.0,0.0,0.0,12.0,0.0,0.0,0.0,0.0,0.0,0.0,0.0,0.0,0.0,0.0,3.192669652594843,0.0014210507617762325,0.8999763158206371,0.19999750000000002,0.19999750000000002,0.0,3.191248601833067,False,10.0
45,25.917144775390625,26.0,16.0,-0.0,0.0,13,25.699140548706055,0.0,0.0,0.0,12.0,0.0,0.0,0.0,0.0,0.0,0.0,0.0,0.0,0.0,0.0,3.200459394944,0.0014210507617762325,0.8999763158206371,0.19999750000000002,0.19999750000000002,0.0,3.199038344182224,False,10.0
46,26.133594512939453,26.0,16.0,-0.0,0.0,13,25.917144775390625,0.0,0.0,0.0,12.0,0.0,0.0,0.0,0.0,0.0,0.0,0.0,0.0,0.0,0.0,3.1946164750080004,0.0014210507617762325,0.8999763158206371,0.19999750000000002,0.19999750000000002,0.0,3.193195424246224,False,10.0
47,26.348356246948242,26.0,16.0,-0.0,0.0,13,26.133594512939453,0.0,0.0,0.0,12.0,0.0,0.0,0.0,0.0,0.0,0.0,0.0,0.0,0.0,0.0,3.1887735550719998,0.0014210507617762325,0.8999763158206371,0.19999750000000002,0.19999750000000002,0.0,3.1873525043102235,False,10.0
48,26.559959411621094,26.0,16.0,-0.0,0.0,13,26.348356246948242,0.0,0.0,0.0,12.0,0.0,0.0,0.0,0.0,0.0,0.0,0.0,0.0,0.0,0.0,3.1905994675519995,0.0014210507617762325,0.8999763158206371,0.19999750000000002,0.19999750000000002,0.0,3.1891784167902233,False,10.0
49,26.50786018371582,26.0,16.0,-3687.455320587158,1272.2787739052897,13,16.36798782348633,0.5,0.3,0.0001411705685618729,7.0,1.2722787739052897,1.2722787739052897,0.0,0.0,0.0,0.0,0.0,0.0,0.0,1.2722787739052897,3.1924253800319997,0.0014210507617762325,0.8999763158206371,0.19999750000000002,0.19999750000000002,0.0,1.9187255553649338,False,10.0
50,26.365453720092773,26.0,16.0,-4940.560670127868,1242.0496281704227,13,12.852358055114747,0.5,0.3,0.0001411705685618729,7.0,1.2420496281704227,1.2420496281704227,0.0,0.0,0.0,0.0,0.0,0.0,0.0,1.2420496281704227,3.180676272234344,0.0014210507617762325,0.8999763158206371,0.19999750000000002,0.19999750000000002,0.0,1.937205593302145,False,10.0
51,26.225847244262695,26.0,16.0,-4904.494809150696,1238.938663296567,13,12.809636116027832,0.5,0.3,0.0001411705685618729,7.0,1.238938663296567,1.238938663296567,0.0,0.0,0.0,0.0,0.0,0.0,0.0,1.238938663296567,3.168893321591375,0.0014210507617762325,0.8999763158206371,0.19999750000000002,0.19999750000000002,0.0,1.9285336075330317,False,10.0
52,26.089920043945312,26.0,16.0,-4869.13807308197,1235.6373391900568,13,12.76775417327881,0.5,0.3,0.0001411705685618729,7.0,1.2356373391900568,1.2356373391900568,0.0,0.0,0.0,0.0,0.0,0.0,0.0,1.2356373391900568,3.155276816535594,0.0014210507617762325,0.8999763158206371,0.19999750000000002,0.19999750000000002,0.0,1.918218426583761,False,10.0
53,25.95789337158203,26.0,16.0,-4834.71315032959,1235.6605181864102,13,12.726976013183595,0.5,0.3,0.0001411705685618729,7.0,1.2356605181864102,1.2356605181864102,0.0,0.0,0.0,0.0,0.0,0.0,0.0,1.2356605181864102,3.1416439359095003,0.0014210507617762325,0.8999763158206371,0.19999750000000002,0.19999750000000002,0.0,1.9045623669613139,False,10.0
54,25.82973861694336,26.0,16.0,-4801.276075286865,1235.6603554430778,13,12.687368011474609,0.5,0.3,0.0001411705685618729,7.0,1.2356603554430778,1.2356603554430778,0.0,0.0,0.0,0.0,0.0,0.0,0.0,1.2356603554430778,3.1106821138233745,0.0014210507617762325,0.8999763158206371,0.19999750000000002,0.19999750000000002,0.0,1.8736007076185204,False,10.0
55,25.705114364624023,26.0,16.0,-4768.819602127075,1235.660356585723,13,12.64892158508301,0.5,0.3,0.0001411705685618729,7.0,1.2356603565857232,1.2356603565857232,0.0,0.0,0.0,0.0,0.0,0.0,0.0,1.2356603565857232,3.079636157696,0.0014210507617762325,0.8999763158206371,0.19999750000000002,0.19999750000000002,0.0,1.8425547503485007,False,10.0
56,25.5827579498291,26.0,16.0,-4737.25726398468,1235.660356577702,13,12.611534309387206,0.5,0.3,0.0001411705685618729,7.0,1.235660356577702,1.235660356577702,0.0,0.0,0.0,0.0,0.0,0.0,0.0,1.235660356577702,3.0523155637563755,0.0014210507617762325,0.8999763158206371,0.19999750000000002,0.19999750000000002,0.0,1.8152341564168972,False,10.0
57,25.462528228759766,26.0,16.0,-4706.269278373718,1228.3495042284096,13,12.57482738494873,0.5,0.3,0.0001411705685618729,7.0,1.2283495042284096,1.2283495042284096,0.0,0.0,0.0,0.0,0.0,0.0,0.0,1.2283495042284096,3.0248237322975,0.0014210507617762325,0.8999763158206371,0.19999750000000002,0.19999750000000002,0.0,1.7950531773073142,False,10.0
58,25.674453735351562,26.0,16.0,-0.0,0.0,13,25.462528228759766,0.0,0.0,0.0,12.0,0.0,0.0,0.0,0.0,0.0,0.0,0.0,0.0,0.0,0.0,2.9739974191123433,0.0014210507617762325,0.8999763158206371,0.19999750000000002,0.19999750000000002,0.0,2.972576368350567,False,10.0
59,25.88364601135254,26.0,16.0,-0.0,0.0,13,25.674453735351562,0.0,0.0,0.0,12.0,0.0,0.0,0.0,0.0,0.0,0.0,0.0,0.0,0.0,0.0,2.9227666075063747,0.0014210507617762325,0.8999763158206371,0.19999750000000002,0.19999750000000002,0.0,2.9213455567445985,False,10.0
60,26.08769416809082,26.0,16.0,-0.0,0.0,13,25.88364601135254,0.0,0.0,0.0,12.0,0.0,0.0,0.0,0.0,0.0,0.0,0.0,0.0,0.0,0.0,2.8695225614520936,0.0014210507617762325,0.8999763158206371,0.19999750000000002,0.19999750000000002,0.0,2.8681015106903174,False,10.0
61,26.286239624023438,26.0,16.0,-0.0,0.0,13,26.08769416809082,0.0,0.0,0.0,12.0,0.0,0.0,0.0,0.0,0.0,0.0,0.0,0.0,0.0,0.0,2.8159427215920005,0.0014210507617762325,0.8999763158206371,0.19999750000000002,0.19999750000000002,0.0,2.8145216708302243,False,10.0
62,26.479413986206055,26.0,16.0,-0.0,0.0,13,26.286239624023438,0.0,0.0,0.0,12.0,0.0,0.0,0.0,0.0,0.0,0.0,0.0,0.0,0.0,0.0,2.7221472030280944,0.0014210507617762325,0.8999763158206371,0.19999750000000002,0.19999750000000002,0.0,2.720726152266318,False,10.0
63,26.667617797851562,26.0,16.0,-0.0,0.0,13,26.479413986206055,0.0,0.0,0.0,12.0,0.0,0.0,0.0,0.0,0.0,0.0,0.0,0.0,0.0,0.0,2.6274681169143745,0.0014210507617762325,0.8999763158206371,0.19999750000000002,0.19999750000000002,0.0,2.6260470661525983,False,10.0
64,26.588886260986328,26.0,16.0,-3714.7208834838866,1217.1129983915516,13,16.40028533935547,0.5,0.3,0.0001411705685618729,7.0,1.2171129983915516,1.2171129983915516,0.0,0.0,0.0,0.0,0.0,0.0,0.0,1.2171129983915516,2.5333034274933435,0.0014210507617762325,0.8999763158206371,0.19999750000000002,0.19999750000000002,0.0,1.3147693783400156,False,10.0
65,26.42095184326172,26.0,16.0,-4961.081334457397,1183.2888327083076,13,12.8766658782959,0.5,0.3,0.0001411705685618729,7.0,1.1832888327083075,1.1832888327083075,0.0,0.0,0.0,0.0,0.0,0.0,0.0,1.1832888327083075,2.438137557537499,0.0014210507617762325,0.8999763158206371,0.19999750000000002,0.19999750000000002,0.0,1.2534276740674153,False,10.0
66,26.256149291992188,26.0,16.0,-4918.5502638244625,1176.2165688610203,13,12.826285552978517,0.5,0.3,0.0001411705685618729,7.0,1.1762165688610202,1.1762165688610202,0.0,0.0,0.0,0.0,0.0,0.0,0.0,1.1762165688610202,2.269872007792375,0.0014210507617762325,0.8999763158206371,0.19999750000000002,0.19999750000000002,0.0,1.0922343881695786,False,10.0
67,26.09519386291504,26.0,16.0,-4876.812369689941,1168.9566410145644,13,12.776844787597657,0.5,0.3,0.0001411705685618729,7.0,1.1689566410145644,1.1689566410145644,0.0,0.0,0.0,0.0,0.0,0.0,0.0,1.1689566410145644,2.098957196448,0.0014210507617762325,0.8999763158206371,0.19999750000000002,0.19999750000000002,0.0,0.9285795046716594,False,10.0
68,25.93785858154297,26.0,16.0,-4836.048797721863,1161.6981845528944,13,12.728558158874513,0.5,0.3,0.0001411705685618729,7.0,1.1616981845528944,1.1616981845528944,0.0,0.0,0.0,0.0,0.0,0.0,0.0,1.1616981845528944,1.9253931235043749,0.0014210507617762325,0.8999763158206371,0.19999750000000002,0.19999750000000002,0.0,0.7622738881897042,True,15.0
69,25.785438537597656,26.0,16.0,-4796.202064361572,1154.4398712553643,13,12.68135757446289,0.5,0.3,0.0001411705685618729,7.0,1.1544398712553643,1.1544398712553643,0.0,0.0,0.0,0.0,0.0,0.0,0.0,1.1544398712553643,1.7491797889615,0.0014210507617762325,0.8999763158206371,0.19999750000000002,0.19999750000000002,0.0,0.5933188669443594,True,15.0
70,25.638906478881836,26.0,16.0,-4757.600164031982,1147.1817101479699,13,12.635631561279299,0.5,0.3,0.0001411705685618729,7.0,1.1471817101479698,1.1471817101479698,0.0,0.0,0.0,0.0,0.0,0.0,0.0,1.1471817101479698,1.4410980696675935,0.0014210507617762325,0.8999763158206371,0.19999750000000002,0.19999750000000002,0.0,0.29249530875784746,True,15.0
71,25.495044708251953,26.0,16.0,-4720.489454841613,1139.9237008678815,13,12.591671943664553,0.5,0.3,0.0001411705685618729,7.0,1.1399237008678815,1.1399237008678815,0.0,0.0,0.0,0.0,0.0,0.0,0.0,1.1399237008678815,1.1258355972893748,-0.014088103578506761,0.8997066628798307,0.19999750000000002,0.19999750000000002,0.0,0.0,True,15.0
72,25.672283172607422,26.0,16.0,-0.0,0.0,13,25.495044708251953,0.0,0.0,0.0,12.0,0.0,0.0,0.0,0.0,0.0,0.0,0.0,0.0,0.0,0.0,0.7632227532355015,0.017600227210159414,0.8999628335106629,0.19999750000000002,0.19999750000000002,0.0,0.7456225260253421,True,15.0
73,25.83194923400879,26.0,16.0,-0.0,0.0,13,25.672283172607422,0.0,0.0,0.0,12.0,0.0,0.0,0.0,0.0,0.0,0.0,0.0,0.0,0.0,0.0,0.45007997361599994,0.002229989360229556,0.8999756417219912,0.19999750000000002,0.19999750000000002,0.0,0.4478499842557704,True,15.0
74,25.963808059692383,26.0,16.0,-0.0,0.0,13,25.83194923400879,0.0,0.0,0.0,12.0,0.0,0.0,0.0,0.0,0.0,0.0,0.0,0.0,0.0,0.0,0.33906139730189994,0.0014614966805304164,0.8999762821165475,0.19999750000000002,0.19999750000000002,0.0,0.3375999006213695,True,15.0
75,26.080110549926758,26.0,16.0,-0.0,0.0,13,25.963808059692383,0.0,0.0,0.0,12.0,0.0,0.0,0.0,0.0,0.0,0.0,0.0,0.0,0.0,0.0,0.2270418762612,0.001423073007154052,0.8999763141354747,0.19999750000000002,0.19999750000000002,0.0,0.22561880325404596,True,15.0
76,26.18340301513672,26.0,16.0,-0.0,0.0,13,26.080110549926758,0.0,0.0,0.0,12.0,0.0,0.0,0.0,0.0,0.0,0.0,0.0,0.0,0.0,0.0,0.0,0.0,0.8999538147276213,0.19999750000000002,0.19999750000000002,0.0,0.0,True,15.0
77,26.259197235107422,26.0,16.0,-0.0,0.0,13,26.18340301513672,0.0,0.0,0.0,12.0,0.0,0.0,0.0,0.0,0.0,0.0,0.0,0.0,0.0,0.0,0.0,0.0,0.8999313158822531,0.19999750000000002,0.19999750000000002,0.0,0.0,True,15.0
78,26.06719398498535,24.0,18.0,-3611.2842917633056,1121.4248147414953,13,16.277759170532228,0.5,0.3,0.0001411705685618729,7.0,5.521424814741495,1.1214248147414954,1.8,2.0,0.4,0.2,0.0,0.0,0.0,5.521424814741495,0.0,-5.521424814741495,0.8030441372638976,0.19999750000000002,0.19999750000000002,0.0,0.0,True,15.0
79,25.7886905670166,24.0,18.0,-4828.95754863739,1818.1896679358795,13,12.720158195495607,1.0,0.3,0.0002823411371237458,7.0,6.21818966793588,1.8181896679358795,1.8,2.0,0.4,0.2,0.0,0.0,0.0,6.21818966793588,0.0,-6.21818966793588,0.6939357416307435,0.19999750000000002,0.19999750000000002,0.0,0.0,True,15.0
80,25.518577575683594,24.0,18.0,-4758.423773002624,1758.4825393549606,13,12.636607170104982,1.0,0.3,0.0002823411371237458,7.0,4.15848253935496,1.7584825393549606,1.8,0.0,0.4,0.2,0.0,0.0,0.0,4.15848253935496,0.0,-4.158482539354961,0.620964383109282,0.19999750000000002,0.19999750000000002,0.0,0.0,True,15.0
81,25.257747650146484,24.0,18.0,-4690.014956817627,1759.3208301468142,13,12.555573272705079,1.0,0.3,0.0002823411371237458,7.0,6.1593208301468145,1.7593208301468142,1.8,2.0,0.4,0.2,0.0,0.0,0.0,6.1593208301468145,0.0,-6.159320830146814,0.5128933002781945,0.19999750000000002,0.19999750000000002,0.0,0.0,True,15.0
82,25.00606346130371,24.0,18.0,-4623.957169876098,1759.3090585809584,13,12.477324295043946,1.0,0.3,0.0002823411371237458,7.0,4.159309058580958,1.7593090585809585,1.8,0.0,0.4,0.2,0.0,0.0,0.0,4.159309058580958,0.0,-4.159309058580958,0.43991196784297704,0.19999750000000002,0.19999750000000002,0.0,0.0,True,15.0
83,24.763185501098633,24.0,18.0,-4560.215632209778,1494.5627082028066,13,12.401819038391112,1.0,0.3,0.00023007356662814042,7.0,5.894562708202807,1.4945627082028066,1.8,2.0,0.4,0.2,0.0,0.0,0.0,5.894562708202807,0.0,-5.894562708202807,0.3364901745326388,0.19999750000000002,0.19999750000000002,0.0,0.0,True,15.0
84,24.528865814208984,24.0,18.0,-4498.70436000824,1213.183040876556,13,12.32895565032959,1.0,0.3,0.00017025547046725165,7.0,3.6131830408765557,1.213183040876556,1.8,0.0,0.4,0.2,0.0,0.0,0.0,3.6131830408765557,0.0,3.75,0.39585527790327546,0.19999750000000002,0.19999750000000002,7.363183040876557,0.0,False,10.0
85,24.302841186523438,24.0,18.0,-4439.360556106567,897.7068691615606,13,12.258659744262697,1.0,0.3,0.00010315103550021063,7.0,3.2977068691615603,0.8977068691615606,1.8,0.0,0.4,0.2,0.0,0.0,0.0,3.2977068691615603,0.0,3.75,0.45521889714632785,0.19999750000000002,0.19999750000000002,7.04770686916156,0.0,False,10.0
86,24.290752410888672,24.0,18.0,-1466.7716331611066,540.0986525259168,13,20.24874601471275,0.5,0.3,2.901700992648037e-05,7.0,2.9400986525259167,0.5400986525259168,1.8,0.0,0.4,0.2,0.0,0.0,0.0,2.9400986525259167,0.0,3.75,0.5145810322988992,0.19999750000000002,0.19999750000000002,6.690098652525917,0.0,False,10.0
87,24.074901580810547,24.0,18.0,-4379.055955581665,1108.1800933084867,13,12.187225723266602,0.5,0.3,0.0001411705685618729,7.0,3.5081800933084866,1.1081800933084867,1.8,0.0,0.4,0.2,0.0,0.0,0.0,3.5081800933084866,0.0,3.75,0.5739416833980916,0.19999750000000002,0.19999750000000002,7.2581800933084875,0.0,False,10.0
88,23.95889663696289,24.0,18.0,-2987.636249602602,691.8170257019444,13,15.817200503965323,0.5,0.3,5.989314088853309e-05,7.0,3.0918170257019444,0.6918170257019445,1.8,0.0,0.4,0.2,0.0,0.0,0.0,3.0918170257019444,0.0,3.75,0.6333008504810066,0.19999750000000002,0.19999750000000002,6.841817025701944,0.0,False,10.0
89,23.751985549926758,24.0,18.0,-4295.010162277222,1099.2696984708366,13,12.087668991088867,0.5,0.3,0.0001411705685618729,7.0,3.4992696984708367,1.0992696984708366,1.8,0.0,0.4,0.2,0.0,0.0,0.0,3.4992696984708367,0.0,3.75,0.6926585335847445,0.19999750000000002,0.19999750000000002,7.249269698470837,0.0,False,10.0
90,23.67759895324707,24.0,18.0,-2443.9101075337326,641.5460159502228,13,16.997120686649442,0.5,0.3,4.993746767075959e-05,6.999999999999999,3.041546015950223,0.6415460159502228,1.8,0.0,0.4,0.2,0.0,0.0,0.0,3.041546015950223,0.0,3.75,0.7520147327464048,0.19999750000000002,0.19999750000000002,6.791546015950223,0.0,False,10.0
91,23.47853660583496,24.0,18.0,-4223.768710899353,1094.4476217592573,13,12.003279685974121,0.5,0.3,0.0001411705685618729,7.0,3.4944476217592575,1.0944476217592574,1.8,0.0,0.4,0.2,0.0,0.0,0.0,3.4944476217592575,0.0,3.75,0.8113694480030861,0.19999750000000002,0.19999750000000002,7.2444476217592575,0.0,False,10.0
92,23.58030891418457,24.0,18.0,-0.0,0.0,13,23.47853660583496,0.0,0.0,0.0,12.0,2.4,0.0,1.8,0.0,0.4,0.2,0.0,0.0,0.0,2.4,0.0,3.75,0.870722679391886,0.19999750000000002,0.19999750000000002,6.15,0.0,False,10.0
93,23.682432174682617,24.0,18.0,-0.0,0.0,13,23.58030891418457,0.0,0.0,0.0,12.0,2.4,0.0,1.8,0.0,0.4,0.2,0.0,0.0,0.0,2.4,0.0,1.7566392364868433,0.898513670566245,0.19999750000000002,0.19999750000000002,4.156639236486843,0.0,False,10.0
94,23.783342361450195,24.0,18.0,-0.0,0.0,13,23.682432174682617,0.0,0.0,0.0,12.0,2.4,0.0,1.8,0.0,0.4,0.2,0.0,0.0,0.0,2.4,0.0,0.08917976602530242,0.899903185386224,0.19999750000000002,0.19999750000000002,2.4891797660253023,0.0,False,10.0
95,23.882614135742188,24.0,18.0,-0.0,0.0,13,23.783342361450195,0.0,0.0,0.0,12.0,2.4,0.0,1.8,0.0,0.4,0.2,0.0,0.0,0.0,2.4,0.0,0.005808876826558507,0.8999726593903294,0.19999750000000002,0.19999750000000002,2.4058088768265584,0.0,False,10.0
